1 2 3 4 5 6 7 8 9 10
0 1 1 1 1 1 1 1 1 1
0 0 1 1 0 1 1 1 1 1
0 0 0 1 1 1 0 0 1 1





int **

10 0
9  0 1
6  1 2
7  1 2 6
5  1 4 5
4  2 6

  1 2 3 4 5 6
1 0 1 0 1 1 1
2 0 0 0 0 0 1
3 0 0 0 0 0 0
4 0 0 0 0 1 0
5 0 0 0 0 0 0
6 0 0 0 0 0 0

   a  b  c  d  e  f  g  h  i  j  k  l  m  n  o  p  q  r  s  t  y  x
A  x  1  1  0  1  1  1  1  1  1  1  1  1  0  0  0  0  1  0  0  0  0
B  0  x  1  1  1  1  1  1  1  0  1  1  1  1  0  0  1  1  1  1  0  0
C  0  0  x  1  1  0  0  1  1  1  1  1  0  0  0  0  1  0  0  1  1  1
D  0  0  0  x  1  1  1  1  1  1  1  0  1  0  0  0  1  0  0  1  0  0
F  0  0  0  0  x  1  1  1  1  1  1  1  1  0  0  0  0  1  0  1  1  0
G  0  0  0  0  0  x  1  1  1  1  1  1  0  1  0  0  0  1  1  1  1  1
H  0  0  0  0  0  0  x  1  1  1  1  1  0  0  1  1  0  0  0  1  1  0
I  0  0  0  0  0  0  0  x  1  1  1  1  0  0  1  0  0  1  1  0  1  1

mat[x][y]
row = H
col = h
while 
while (row > A)
    if (mat[row][col] == 0)
        col
    row--; 

